0 0.314963 0.087387 0.315820 0.113514
0 0.116505 0.197748 0.227299 0.119820
0 0.337236 0.222973 0.257567 0.119820
0 0.348658 0.346396 0.242718 0.107207
0 0.125357 0.326126 0.249572 0.126126
0 0.349515 0.507207 0.230725 0.140541
0 0.133923 0.573874 0.266705 0.129730
0 0.372073 0.647748 0.313535 0.131532
0 0.116505 0.701351 0.231868 0.109009
0 0.352656 0.821622 0.314677 0.118919
0 0.333524 0.934234 0.298115 0.104505
0 0.700171 0.135586 0.316391 0.134234
0 0.690177 0.263964 0.330668 0.117117
0 0.674472 0.382883 0.335808 0.095495
0 0.682467 0.480180 0.317533 0.115315
0 0.705026 0.563063 0.322673 0.100901
0 0.612222 0.677477 0.188464 0.111712
0 0.790691 0.697297 0.167333 0.138739
0 0.672187 0.800901 0.314106 0.097297
0 0.687893 0.898198 0.355797 0.129730
